Uid:	0	0	0	0
Uid:	0	0	0	0
Uid:	0	0	0	0
Uid:	0	0	0	0
Uid:	0	0	0	0
Uid:	0	0	0	0
Uid:	0	0	0	0
Uid:	0	0	0	0
Uid:	0	0	0	0
Uid:	0	0	0	0
Uid:	0	0	0	0
Uid:	0	0	0	0
Uid:	0	0	0	0
Uid:	0	0	0	0
Uid:	0	0	0	0
Uid:	0	0	0	0
Uid:	0	0	0	0
Uid:	0	0	0	0
Uid:	0	0	0	0
Uid:	0	0	0	0
Uid:	0	0	0	0
Uid:	0	0	0	0
Uid:	0	0	0	0
Uid:	0	0	0	0
Uid:	0	0	0	0
Uid:	0	0	0	0
Uid:	0	0	0	0
Uid:	0	0	0	0
Uid:	0	0	0	0
Uid:	0	0	0	0
Uid:	0	0	0	0
Uid:	0	0	0	0
Uid:	0	0	0	0
Uid:	0	0	0	0
Uid:	0	0	0	0
Uid:	0	0	0	0
Uid:	0	0	0	0
Uid:	0	0	0	0
Uid:	0	0	0	0
Uid:	0	0	0	0
Uid:	0	0	0	0
Uid:	0	0	0	0
Uid:	0	0	0	0
Uid:	0	0	0	0
Uid:	0	0	0	0
Uid:	0	0	0	0
Uid:	0	0	0	0
Uid:	0	0	0	0
Uid:	0	0	0	0
Uid:	0	0	0	0
Uid:	0	0	0	0
Uid:	0	0	0	0
Uid:	0	0	0	0
Uid:	0	0	0	0
Uid:	0	0	0	0
Uid:	0	0	0	0
Uid:	0	0	0	0
Uid:	0	0	0	0
Uid:	0	0	0	0
Uid:	0	0	0	0
Uid:	0	0	0	0
Uid:	0	0	0	0
Uid:	0	0	0	0
Uid:	0	0	0	0
Uid:	0	0	0	0
Uid:	0	0	0	0
Uid:	0	0	0	0
Uid:	0	0	0	0
Uid:	0	0	0	0
Uid:	0	0	0	0
Uid:	0	0	0	0
Uid:	0	0	0	0
Uid:	0	0	0	0
Uid:	0	0	0	0
Uid:	0	0	0	0
Uid:	0	0	0	0
Uid:	0	0	0	0
Uid:	0	0	0	0
Uid:	0	0	0	0
Uid:	0	0	0	0
Uid:	0	0	0	0
Uid:	0	0	0	0
Uid:	0	0	0	0
Uid:	0	0	0	0
Uid:	0	0	0	0
Uid:	0	0	0	0
Uid:	0	0	0	0
Uid:	0	0	0	0
Uid:	0	0	0	0
Uid:	0	0	0	0
Uid:	1000	1000	1000	1000
Uid:	1000	1000	1000	1000
Uid:	1000	1000	1000	1000
Uid:	1000	1000	1000	1000
Uid:	1000	1000	1000	1000
Uid:	1000	1000	1000	1000
Uid:	1000	1000	1000	1000
Uid:	1000	1000	1000	1000
Uid:	1000	1000	1000	1000
Uid:	1000	1000	1000	1000
Uid:	1000	1000	1000	1000
Uid:	1000	1000	1000	1000
Uid:	1000	1000	1000	1000
Uid:	1000	1000	1000	1000
Uid:	1000	1000	1000	1000
Uid:	1000	1000	1000	1000
Uid:	1000	1000	1000	1000
Uid:	1000	1000	1000	1000
Uid:	1000	1000	1000	1000
Uid:	1000	1000	1000	1000
Uid:	1000	1000	1000	1000
Uid:	1000	1000	1000	1000
Uid:	1000	1000	1000	1000
Uid:	1000	1000	1000	1000
Uid:	1000	1000	1000	1000
Uid:	1000	1000	1000	1000
Uid:	1000	1000	1000	1000
Uid:	1000	1000	1000	1000
Uid:	1000	1000	1000	1000
Uid:	1000	1000	1000	1000
Uid:	1000	1000	1000	1000
Uid:	1000	1000	1000	1000
Uid:	1000	1000	1000	1000
Uid:	1000	1000	1000	1000
Uid:	1000	1000	1000	1000
Uid:	1000	1000	1000	1000
Uid:	1000	1000	1000	1000
Uid:	1000	1000	1000	1000
Uid:	1000	1000	1000	1000
Uid:	1000	1000	1000	1000
Uid:	1000	1000	1000	1000
Uid:	1000	1000	1000	1000
Uid:	1000	1000	1000	1000
Uid:	1000	1000	1000	1000
Uid:	1000	1000	1000	1000
Uid:	1000	1000	1000	1000
Uid:	1000	1000	1000	1000
Uid:	1000	1000	1000	1000
Uid:	1000	1000	1000	1000
Uid:	1000	1000	1000	1000
Uid:	1000	1000	1000	1000
Uid:	1000	1000	1000	1000
Uid:	1000	1000	1000	1000
Uid:	1000	1000	1000	1000
Uid:	1000	1000	1000	1000
Uid:	1000	1000	1000	1000
Uid:	1000	1000	1000	1000
Uid:	1000	1000	1000	1000
Uid:	1000	1000	1000	1000
Uid:	1000	1000	1000	1000
Uid:	1000	1000	1000	1000
Uid:	1000	1000	1000	1000
Uid:	1000	1000	1000	1000
Uid:	1000	1000	1000	1000
Uid:	1000	1000	1000	1000
Uid:	1000	1000	1000	1000
Uid:	1000	1000	1000	1000
Uid:	1000	1000	1000	1000
Uid:	1000	1000	1000	1000
Uid:	1000	1000	1000	1000
Uid:	1000	1000	1000	1000
Uid:	1000	1000	1000	1000
Uid:	1000	1000	1000	1000
Uid:	1000	1000	1000	1000
Uid:	1000	1000	1000	1000
Uid:	1000	1000	1000	1000
Uid:	1000	1000	1000	1000
Uid:	1000	1000	1000	1000
Uid:	1000	1000	1000	1000
Uid:	1000	1000	1000	1000
Uid:	1000	1000	1000	1000
Uid:	1000	1000	1000	1000
Uid:	1000	1000	1000	1000
Uid:	1000	1000	1000	1000
Uid:	101	101	101	101
Uid:	102	102	102	102
Uid:	103	103	103	103
Uid:	104	104	104	104
Uid:	111	111	111	111
Uid:	115	115	115	115
Uid:	115	115	115	115
Uid:	116	116	116	116
Uid:	116	116	116	116
Uid:	120	120	120	120
Uid:	121	121	121	121
Uid:	127	127	127	127
Uid:	127	127	127	127
Uid:	127	127	127	127
Uid:	127	127	127	127
Uid:	127	127	127	127
Uid:	127	127	127	127
Uid:	7	7	7	7
Uid:	7	7	7	7
